OWNER_ID
5195038
4489
4490
4491
4492
4505
5019
6048
6376
7240
7519
7527
12937
15630
16545
18104
22343
22344
22502
23892
23895
23896
23907
28100
31272
31274
31276
31282
34939
36269
36367
36562
36733
36753
36755
36801
36822
36836
36940
44282
44284
44286
44287
47096
47118
48435
48436
58141
64129
64131
87320
87682
88473
88527
88561
88663
88702
89619
89621
94945
102841
102842
112973
113469
113596
113900
113927
114056
114098
114356
114668
120321
120422
120470
120479
120502
120680
125074
129006
134287
134305
134319
138283
138538
139028
139041
139825
140756
150889
150935
156493
156495
156497
156498
156546
156551
156688
158876
160764
160766
160767
161036
162216
162321
162399
162408
162999
163000
163008
163012
163014
163017
163125
163136
163291
163311
163330
163352
163360
163928
164071
164072
164152
164197
164229
164247
167696
167780
168696
168765
169284
169331
170059
170091
170143
170260
170284
180690
207107
215403
220674
220683
225662
252125
269012
273426
274060
274188
274323
274384
275009
275012
275039
282934
295280
296181
296243
296247
296249
296253
296269
296271
296529
296531
296536
296555
296559
296565
296586
296619
296622
297295
297298
297319
297727
298120
298123
298517
298522
299052
299055
299154
299423
299429
299447
299449
299450
299455
299466
299468
299510
299511
299513
300011
300013
300022
300158
300164
300224
301163
301168
301170
301171
301179
301192
301238
307626
308410
308537
308572
308810
310406
310427
310795
311039
311043
311075
311077
311183
311276
311428
311430
311440
311442
311454
311455
311456
311457
311459
311460
311461
311462
311463
311465
311471
311475
311478
311480
311481
311482
311483
311484
311967
312572
313358
313777
313786
313807
313824
324792
325197
330504
330513
342324
345356
345429
345501
345547
346131
346224
349506
362029
362105
362208
362353
362393
362400
362519
362527
362720
363289
363757
363811
364068
365501
366964
367294
369638
369667
371239
371241
371245
371279
371288
371711
371716
372119
373406
375145
375204
375238
375240
375379
375380
375464
375465
375492
375517
375556
375601
375634
375642
375653
375675
375692
375694
375703
375725
375787
375804
375806
375879
375888
375898
376020
376288
376916
376920
377213
380343
380442
392319
396011
412815
425344
427510
430776
443967
443970
443982
445616
447160
447183
447776
447783
447785
447787
447956
447981
448037
448040
448045
449742
464152
464156
464171
464181
464517
464534
476528
514068
537704
557172
559939
565567
578557
582072
819550
1033575
1052711
1052714
1052764
1052771
1052792
1077447
1085127
1091010
1113801
1113803
1123167
1123173
1123176
1123215
1123462
1123992
1124522
1124709
1125146
1125147
1125148
1125149
1125158
1125620
1125643
1125905
1127233
1135236
1135347
1194693
1267060
1331211
1331230
1334831
1334834
1335359
1335397
1335399
1335642
1335714
1338492
1347771
1353075
1353084
1357250
1365575
1365636
1366001
1387663
1393566
1412473
1412506
1412549
1413245
1413246
1413249
1413453
1416263
1416265
1416368
1416455
1416733
1416736
1417322
1417992
1418087
1418091
1418097
1418121
1418377
1418407
1419781
1419813
1420310
1420529
1420812
1421236
1423510
1426923
1426961
1428010
1437103
1437106
1437211
1437784
1438186
1440019
1440024
1443408
1443430
1443486
1444664
1444673
1444756
1444761
1444764
1444864
1444909
1444912
1444928
1445546
1445557
1445559
1446295
1446298
1446304
1446507
1446531
1446577
1446582
1446593
1446606
1447148
1449418
1449470
1449483
1450028
1450029
1451405
1451406
1451407
1452658
1452668
1452689
1456801
1456823
1456834
1456906
1456969
1457215
1461050
1461051
1463485
1465025
1465350
1465827
1466517
1483169
1484240
1484305
1486621
1488129
1488306
1493171
1513736
1516115
1516704
1526273
1528298
1528321
1528329
1528336
1528360
1528399
1528481
1528521
1528675
1528791
1533261
1542234
1543483
1546307
1548036
1549094
1559072
1560130
1560140
1571203
1572098
1572334
1572336
1579018
1583141
1583996
1584026
1584057
1584527
1586685
1586709
1588190
1588444
1588571
1589723
1589726
1589748
1589780
1589826
1589853
1589854
1601258
1609511
1609512
1611522
1621698
1661498
1661500
1661807
1661878
1661925
1661932
1662025
1669714
1669771
1670355
1670945
1671195
1671266
1671274
1680069
1680097
1680769
1680815
1680861
1680988
1681355
1681368
1682511
1685557
1686671
1686966
1687527
1687538
1687553
1687584
1687706
1687768
1688369
1688370
1695295
1695296
1695313
1695403
1696249
1696313
1696321
1696699
1697863
1701656
1701662
1701665
1701668
1701671
1709725
1709808
1710233
1710250
1710251
1710253
1710255
1710257
1710260
1710262
1710275
1710277
1710469
1710966
1712128
1712148
1712152
1714125
1714135
1714143
1715817
1715834
1715839
1715846
1715851
1715889
1715897
1720028
1720047
1720353
1720822
1721874
1723799
1723825
1723828
1723849
1724072
1725104
1725113
1725115
1725116
1725886
1726422
1730400
1732070
1732077
1734172
1738195
1738265
1738721
1739273
1741407
1742848
1742855
1742905
1744695
1744935
1752231
1758342
1761400
1761567
1762047
1763223
1763280
1763500
1763829
1766375
1768504
1773109
1774029
1774064
1774089
1774100
1774110
1774114
1774133
1774780
1786266
1786600
1786609
1786714
1790812
1790871
1791013
1807088
1807392
1807656
1808045
1809487
1809633
1810241
1810384
1810455
1810556
1810810
1819699
1824637
1824848
1824849
1833681
1834193
1834240
1834601
1834618
1834666
1834953
1837721
1838128
1838760
1840307
1840312
1840322
1851497
1855795
1856609
1856612
1857065
1857078
1857079
1859364
1862515
1863382
1864096
1864111
1864121
1867264
1875842
1875892
1875914
1876068
1876322
1889345
1889564
1896423
1896426
1896427
1896430
1896442
1896906
1896920
1897344
1898587
1899339
1899471
1899523
1899524
1899614
1899701
1899716
1899771
1899861
1901035
1901043
1901528
1901617
1901842
1901843
1901847
1903249
1903252
1903631
1916929
1917712
1917869
1917898
1917911
1918354
1918358
1918638
1918712
1918734
1918739
1918748
1918753
1919254
1919351
1919352
1921311
1929234
1929274
1929384
1929395
1929408
1929420
1929434
1929437
1929516
1930516
1930517
1930518
1930519
1930520
1930521
1930522
1930523
1930524
1935541
1935546
1935751
1936383
1939668
1942534
1945757
1947581
1947599
1947602
1947604
1947607
1947640
1947643
1947690
1947950
1947958
1947962
1947979
1953594
1958074
1960342
1960560
1960964
1960967
1960978
1960986
1961656
1961702
1961723
1961984
1961993
1962002
1962014
1962033
1962815
1963041
1963054
1963063
1963716
1963738
1963739
1966373
1967180
1967185
1967193
1967201
1967210
1967237
1967255
1967335
1967370
1967371
1967397
1967425
1967426
1967481
1967482
1967515
1967529
1967552
1967576
1967578
1967616
1967624
1967634
1967636
1967675
1967691
1967726
1967733
1967734
1967760
1967769
1967777
1967797
1967798
1967804
1967815
1967829
1967833
1967836
1967844
1967845
1967847
1967849
1967862
1967868
1967872
1967876
1967884
1967888
1967907
1967915
1967980
1967995
1967996
1968002
1968133
1968135
1968157
1968176
1968187
1968191
1968192
1968193
1968202
1968218
1968224
1968274
1968283
1968286
1970530
1971252
1971264
1971267
1971269
1971274
1972151
1973399
1973413
1973415
1973426
1973429
1973664
1973859
1974290
1974794
1976572
1977299
1977430
1977641
1977659
1981267
1983313
1984046
1984498
1985506
1988556
1989982
1991102
1991140
1997371
1997507
1997532
1997708
1997770
1997778
1997805
1997826
1997833
1998287
1998670
1998813
1998820
1998826
1998993
1999005
1999011
1999313
1999326
1999337
1999425
1999428
1999432
1999433
1999619
1999622
2000733
2000857
2000866
2000873
2000876
2000891
2000903
2000931
2000932
2001259
2001261
2002944
2003239
2004119
2004124
2004487
2004507
2004513
2004525
2004526
2004543
2004544
2004801
2004802
2004866
2004869
2004872
2009042
2009051
2009053
2009073
2009120
2009174
2009220
2009412
2009416
